0,5
1,5
2,5
3,5
4,5
5,5
6,5
7,5
8,5
9,5
10,5
11,5
12,5
13,5
14,5
15,5
16,5
17,0
18,0
19,0
20,0
21,0
22,0
23,0
24,0
25,0
26,5
27,5
28,5
29,5
30,5
31,5
32,5
33,5
34,5
35,5
36,5
37,5
38,5
39,5
40,5
41,5
42,5
43,5
44,5
45,5
46,5
47,5
48,5
49,5
50,5
51,5
52,5
53,5
54,5
55,5
56,5
57,5
58,5
59,5
60,5
61,5
62,5
63,5
64,5
65,5
66,5
67,5
68,5
69,5
70,5
71,5
72,5
73,5
74,5
75,5
76,5
77,5
78,5
79,5
80,5
81,5
82,5
83,5
84,5
85,5
86,5
87,5
88,5
89,5
90,3
91,3
92,3
93,3
94,3
95,3
96,3
97,3
98,3
99,3
100,3
101,3
102,3
103,3
104,3
105,3
106,5
107,5
108,5
109,5
110,5
111,5
112,5
113,5
114,5
115,5
116,5
117,5
118,5
119,5
120,5
121,5
122,5
123,5
124,5
125,5
126,5
127,5
128,5
129,5
130,5
131,5
132,5
133,5
134,5
135,1
136,1
137,1
138,1
139,1
140,1
141,1
142,1
143,1
144,1
145,1
146,1
147,1
148,1
149,1
150,1
151,1
152,1
153,1
154,1
155,1
156,1
157,1
158,1
159,1
160,1
161,1
162,1
163,1
164,1
165,1
166,1
167,5
168,5
169,5
170,5
171,5
172,5
173,5
174,5
175,5
176,5
177,5
178,5
179,5
180,5
181,5
182,5
183,5
184,5
185,5
186,5
187,5
188,5
189,5
190,5
191,5
192,5
193,5
194,5
195,5
196,5
197,5
198,5
199,5
200,5
201,5
202,5
203,5
204,5
205,5
206,5
207,5
208,5
209,5
210,5
211,5
212,5
213,5
214,5
215,5
216,5
217,5
218,5
219,5
220,5
221,5
222,5
223,5
224,5
225,5
226,5
227,5
228,5
229,5
230,5
231,5
232,5
233,5
234,5
235,5
236,5
237,5
238,5
239,5
240,5
241,5
242,5
243,5
244,5
245,5
246,5
247,5
248,5
249,5
250,5
251,5
252,5
253,5
254,5
255,5
256,5
257,5
258,5
259,5
260,5
261,5
262,2
263,2
264,2
265,2
266,2
267,2
268,2
269,2
270,2
271,2
272,2
273,2
274,2
275,2
276,2
277,2
278,2
279,2
280,2
281,5
282,5
283,5
284,5
285,5
286,5
287,5
288,5
289,5
290,5
291,5
292,5
293,5
294,5
295,5
296,5
297,5
298,5
299,5
300,5
301,5
302,5
303,5
304,5
305,5
306,5
307,5
308,5
309,5
310,5
311,5
312,5
313,5
314,5
315,5
316,5
317,5
318,5
319,5
320,5
321,5
322,5
323,5
324,5
325,5
326,5
327,5
328,5
329,5
330,5
331,5
332,5
333,5
334,5
335,5
336,5
337,5
338,5
339,5
340,5
341,5
342,5
343,5
344,5
345,5
346,5
347,5
348,5
349,5
350,5
351,5
352,5
353,5
354,5
355,5
356,5
357,5
358,5
359,5
360,5
361,5
362,5
363,5
364,5
365,5
366,5
367,5
368,5
369,5
370,5
371,5
372,5
373,5
374,5
375,5
376,5
377,5
378,5
379,5
380,5
381,5
382,5
383,5
384,5
385,5
386,5
387,5
388,5
389,5
390,5
391,5
392,5
393,5
394,5
395,5
396,5
397,5
398,5
399,5
400,5
401,5
402,5
403,5
404,5
405,5
406,5
407,5
408,5
409,5
410,5
411,5
412,5
413,2
414,2
415,2
416,2
417,2
418,2
419,2
420,2
421,2
422,2
423,2
424,2
425,2
426,2
427,2
428,2
429,2
430,2
431,2
432,5
433,5
434,5
435,5
436,5
437,5
438,5
439,5
440,5
441,5
442,5
443,5
444,5
445,5
446,5
447,5
448,5
449,5
450,5
451,5
452,5
453,5
454,5
455,5
456,5
457,5
458,5
459,5
460,5
461,5
462,5
463,5
464,5
465,5
466,5
467,5
468,5
469,5
470,5
471,5
472,5
473,5
474,5
475,5
476,5
477,5
478,5
479,5
480,5
481,5
482,5
483,5
484,5
485,5
486,5
487,5
488,5
489,5
490,5
491,5
492,2
493,2
494,2
495,2
496,2
497,2
498,2
499,5
500,5
501,5
502,5
503,5
504,5
505,5
506,5
507,5
508,5
509,5
510,5
511,5
512,5
513,5
514,5
515,5
516,5
517,5
518,5
519,5
520,5
521,5
522,5
523,5
524,5
525,5
526,5
527,5
528,5
529,5
530,5
531,5
532,5
533,5
534,5
535,5
536,2
537,2
538,2
539,2
540,2
541,2
542,2
543,2
544,2
545,2
546,5
547,5
548,5
549,5
550,5
551,5
552,5
553,5
554,5
555,5
556,5
557,5
558,5
559,5
560,5
561,5
562,5
563,5
564,5
565,5
566,5
567,5
568,5
569,5
570,5
571,5
572,5
573,5
574,5
575,5
576,5
577,5
578,5
579,5
580,5
581,5
582,5
583,5
584,5
585,5
586,5
587,5
588,5
589,5
590,5
591,5
592,5
593,5
594,5
595,5
596,5
597,5
598,5
599,5
600,5
601,5
602,5
603,5
604,5
605,5
606,5
607,5
608,5
609,5
610,5
611,5
612,5
613,5
614,5
615,5
616,5
617,5
618,5
619,5
620,5
621,5
622,5
623,5
624,5
625,5
626,5
627,5
628,5
629,5
630,5
631,5
632,5
633,5
634,5
635,5
636,5
637,5
638,5
639,5
640,5
641,5
642,5
643,5
644,5
645,5
646,5
647,5
648,5
649,5
650,5
651,5
652,5
653,5
654,5
655,5
656,5
657,5
658,5
659,5
660,5
661,5
662,5
663,5
664,5
665,1
666,1
667,1
668,1
669,1
670,1
671,1
672,1
673,1
674,1
675,1
676,1
677,5
678,5
679,5
680,5
681,5
682,5
683,5
684,5
685,5
686,5
687,5
688,5
689,5
690,5
691,5
692,5
693,5
694,5
695,5
696,5
697,5
698,5
699,5
700,5
701,5
702,5
703,5
704,5
705,5
706,5
707,5
708,5
709,5
710,5
711,5
712,5
713,5
714,5
715,5
716,5
717,5
718,5
719,5
720,5
721,5
722,5
723,5
724,5
725,5
726,5
727,5
728,5
729,5
730,5
731,5
732,5
733,5
734,5
735,5
736,5
737,5
738,5
739,2
740,2
741,2
742,2
743,2
744,2
745,2
746,2
747,2
748,2
749,5
750,5
751,5
752,5
753,5
754,5
755,5
756,5
757,5
758,5
759,5
760,5
761,5
762,5
763,5
764,5
765,5
766,5
767,5
768,5
769,5
770,5
771,5
772,5
773,5
774,5
775,5
776,5
777,5
778,5
779,5
780,5
781,5
782,5
783,5
784,5
785,5
786,5
787,5
788,5
789,5
790,5
791,5
792,5
793,5
794,5
795,5
796,5
797,5
798,5
799,5
800,5
801,5
802,5
803,5
804,5
805,5
806,5
807,5
808,4
809,4
810,4
811,4
812,4
813,5
814,5
815,5
816,5
817,5
818,5
819,5
820,5
821,5
822,5
823,5
824,5
825,5
826,5
827,5
828,5
829,5
830,5
831,5
832,5
833,5
834,5
835,5
836,5
837,5
838,5
839,5
840,5
841,5
842,5
843,5
844,5
845,5
846,5
847,5
848,5
849,5
850,5
851,5
852,5
853,5
854,5
855,5
856,5
857,5
858,5
859,5
860,5
861,5
862,5
863,5
864,5
865,5
866,5
867,5
868,5
869,5
870,5
871,5
872,5
873,5
874,5
875,5
876,5
877,5
878,5
879,5
880,5
881,5
882,5
883,5
884,5
885,5
886,5
887,5
888,5
889,5
890,5
891,5
892,5
893,5
894,5
895,5
896,5
897,5
898,5
899,5
900,5
901,5
902,5
903,5
904,5
905,5
906,5
907,5
908,4
909,4
910,4
911,4
912,4
913,4
914,4
915,5
916,5
917,5
918,5
919,5
920,5
921,5
922,5
923,5
924,5
925,5
926,5
927,5
928,5
929,5
930,5
931,5
932,5
933,5
934,5
935,5
936,5
937,5
938,5
939,5
940,5
941,5
942,5
943,5
944,5
945,5
946,5
947,5
948,5
949,5
950,5
951,5
952,5
953,5
954,5
955,5
956,5
957,5
958,5
959,5
960,5
961,5
962,5
963,5
964,5
965,5
966,5
967,5
968,5
969,5
970,5
971,5
972,5
973,5
974,5
975,5
976,5
977,5
978,5
979,5
980,5
981,5
982,5
983,5
984,5
985,5
986,5
987,5
988,5
989,5
990,5
991,5
992,5
993,5
994,5
995,5
996,5
997,5
998,5
999,5
1000,5
1001,5
1002,5
1003,5
1004,5
1005,5
1006,5
1007,5
1008,5
1009,5
1010,5
1011,5
1012,5
1013,5
1014,5
1015,5
1016,5
1017,5
1018,5
1019,5
1020,5
1021,5
1022,5
1023,5
1024,5
1025,5
1026,5
1027,5
1028,5
1029,5
1030,5
1031,5
1032,5
1033,5
1034,4
1035,4
1036,4
1037,4
1038,4
1039,4
1040,5
1041,5
1042,5
1043,5
1044,5
1045,5
1046,5
1047,5
1048,5
1049,5
1050,5
1051,5
1052,5
1053,5
1054,5
1055,5
1056,5
1057,5
1058,5
1059,5
1060,5
1061,5
1062,5
1063,5
1064,5
1065,5
1066,5
1067,5
1068,5
1069,5
1070,5
1071,5
1072,5
1073,5
1074,5
1075,5
1076,5
1077,5
1078,5
1079,5
1080,5
1081,5
1082,5
1083,5
1084,5
1085,5
1086,5
1087,5
1088,5
1089,5
1090,5
1091,5
1092,5
1093,5
1094,5
1095,5
1096,5
1097,5
1098,5
1099,5
1100,5
1101,5
1102,4
1103,4
1104,4
1105,4
1106,4
1107,4
1108,5
1109,5
1110,5
1111,5
1112,5
1113,5
1114,5
1115,5
1116,5
1117,5
1118,5
1119,5
1120,5
1121,5
1122,5
1123,5
1124,5
1125,5
1126,5
1127,5
1128,5
1129,5
1130,5
1131,5
1132,5
1133,5
1134,5
1135,5
1136,5
1137,5
1138,5
1139,5
1140,5
1141,5
1142,5
1143,5
1144,5
1145,5
1146,5
1147,5
1148,5
1149,5
1150,5
1151,5
1152,5
1153,5
1154,5
1155,5
1156,5
1157,5
1158,5
1159,5
1160,5
1161,2
1162,2
1163,2
1164,2
1165,2
1166,2
1167,2
1168,2
1169,2
1170,5
1171,5
1172,5
1173,5
1174,5
1175,5
1176,5
1177,5
1178,5
1179,5
1180,5
1181,5
1182,5
1183,5
1184,5
1185,5
1186,5
1187,5
1188,5
1189,5
1190,5
1191,5
1192,5
1193,5
1194,5
1195,5
1196,5
1197,5
1198,5
1199,5
1200,5
1201,5
1202,5
1203,5
1204,5
1205,5
1206,5
1207,5
1208,5
1209,5
1210,5
1211,5
1212,5
1213,5
1214,5
1215,5
1216,5
1217,5
1218,5
1219,5
1220,5
1221,5
1222,5
1223,5
1224,5
1225,5
1226,5
1227,5
1228,5
1229,5
1230,5
1231,5
1232,3
1233,3
1234,3
1235,3
1236,3
1237,3
1238,3
1239,3
1240,3
1241,3
1242,3
1243,5
1244,5
1245,5
1246,5
1247,5
1248,5
1249,5
1250,5
1251,5
1252,5
1253,5
1254,5
1255,5
1256,5
1257,5
1258,5
1259,5
1260,5
1261,5
1262,5
1263,5
1264,5
1265,5
1266,5
1267,5
1268,5
1269,5
1270,5
1271,5
1272,5
1273,5
1274,5
1275,5
1276,5
1277,5
1278,5
1279,5
1280,5
1281,5
1282,5
1283,5
1284,5
1285,5
1286,5
1287,5
1288,5
1289,5
1290,5
1291,5
1292,5
1293,5
1294,5
1295,5
1296,5
1297,5
1298,5
1299,5
1300,5
1301,5
1302,5
1303,5
1304,5
1305,5
1306,5
1307,5
1308,5
1309,5
1310,1
1311,1
1312,1
1313,1
1314,1
1315,1
1316,1
1317,1
1318,1
1319,5
1320,5
1321,5
1322,5
1323,5
1324,5
1325,5
1326,5
1327,5
1328,5
1329,5
1330,5
1331,5
1332,5
1333,5
1334,5
1335,5
1336,5
1337,5
1338,5
1339,5
1340,5
1341,5
1342,5
1343,5
1344,5
1345,5
1346,5
1347,5
1348,5
1349,5
1350,5
1351,5
1352,5
1353,5
1354,5
1355,5
1356,5
1357,5
1358,5
1359,5
1360,5
1361,5
1362,5
1363,5
1364,5
1365,5
1366,5
1367,5
1368,5
1369,5
1370,5
1371,5
1372,5
1373,5
1374,5
1375,5
1376,5
1377,5
1378,5
1379,5
1380,5
1381,5
1382,5
1383,5
1384,5
1385,5
1386,5
1387,5
1388,5
1389,5
1390,5
1391,5
1392,5
1393,5
1394,5
1395,5
1396,5
1397,5
1398,5
1399,5
1400,5
1401,5
1402,5
1403,5
1404,5
1405,5
1406,5
1407,5
1408,5
1409,5
1410,5
1411,5
1412,4
1413,4
1414,4
1415,4
1416,4
1417,4
1418,4
1419,5
1420,5
1421,5
1422,5
1423,5
1424,5
1425,5
1426,5
1427,5
1428,5
1429,5
1430,5
1431,5
1432,5
1433,5
1434,5
1435,5
1436,5
1437,5
1438,5
1439,5
1440,5
1441,5
1442,5
1443,5
1444,5
1445,5
1446,5
1447,5
1448,5
1449,5
1450,5
1451,5
1452,5
1453,5
1454,5
1455,5
1456,5
1457,5
1458,5
1459,5
1460,5
1461,5
1462,5
1463,5
1464,5
1465,5
1466,5
1467,5
1468,5
1469,5
1470,5
1471,5
1472,5
1473,5
1474,5
1475,5
1476,5
1477,5
1478,5
1479,5
1480,5
1481,5
1482,5
1483,5
1484,5
1485,5
1486,5
1487,5
1488,5
1489,5
1490,5
1491,5
1492,5
1493,5
1494,5
1495,5
1496,5
1497,5
1498,5
1499,3
1500,3
1501,3
1502,3
1503,3
1504,3
1505,3
1506,3
1507,3
1508,3
1509,3
1510,3
1511,3
1512,3
1513,3
1514,3
1515,3
1516,3
1517,5
1518,5
1519,5
1520,5
1521,5
1522,5
1523,5
1524,5
1525,5
1526,5
1527,5
1528,5
1529,5
1530,5
1531,5
1532,5
1533,5
1534,5
1535,5
1536,5
1537,5
1538,5
1539,5
1540,5
1541,5
1542,5
1543,5
1544,5
1545,5
1546,5
1547,5
1548,5
1549,5
1550,5
1551,5
1552,5
1553,5
1554,5
1555,5
1556,5
1557,5
1558,5
1559,5
1560,5
1561,5
1562,5
1563,5
1564,5
1565,5
1566,5
1567,5
1568,5
1569,5
1570,5
1571,5
1572,5
1573,5
1574,5
1575,5
1576,5
1577,5
1578,5
1579,5
1580,5
1581,5
1582,5
1583,5
1584,5
1585,5
1586,5
1587,5
1588,5
1589,5
1590,5
1591,5
1592,5
1593,5
1594,5
1595,5
1596,5
1597,5
1598,5
1599,5
1600,5
1601,5
1602,5
1603,5
1604,5
1605,5
1606,5
1607,5
1608,5
1609,5
1610,5
1611,5
1612,5
1613,5
1614,5
1615,5
1616,5
1617,5
1618,5
1619,5
1620,5
1621,5
1622,5
1623,5
1624,5
1625,5
1626,3
1627,3
1628,3
1629,3
1630,3
1631,3
1632,3
1633,3
1634,3
1635,3
1636,3
1637,3
1638,3
1639,5
1640,5
1641,5
1642,5
1643,5
1644,5
1645,5
1646,5
1647,5
1648,5
1649,5
1650,5
1651,5
1652,5
1653,5
1654,5
1655,5
1656,5
1657,5
1658,5
1659,5
1660,5
1661,5
1662,5
1663,5
1664,5
1665,5
1666,5
1667,5
1668,5
1669,5
1670,5
1671,5
1672,5
1673,5
1674,5
1675,5
1676,5
1677,5
1678,5
1679,5
1680,5
1681,5
1682,5
1683,5
1684,5
1685,5
1686,5
1687,5
1688,5
1689,5
1690,5
1691,5
1692,5
1693,5
1694,5
1695,5
1696,5
1697,5
1698,5
1699,5
1700,5
1701,5
1702,5
1703,5
1704,5
1705,5
1706,5
1707,5
1708,5
1709,5
1710,5
1711,5
1712,5
1713,5
1714,5
1715,5
1716,5
1717,5
1718,5
1719,5
1720,5
1721,5
1722,5
1723,5
1724,5
1725,5
1726,5
1727,5
1728,5
1729,5
1730,2
1731,2
1732,2
1733,2
1734,2
1735,2
1736,2
1737,2
1738,2
1739,2
1740,5
1741,5
1742,5
1743,5
1744,5
1745,5
1746,5
1747,5
1748,5
1749,5
1750,5
1751,5
1752,5
1753,5
1754,5
1755,5
1756,5
1757,5
1758,5
1759,5
1760,5
1761,5
1762,5
1763,5
1764,5
1765,5
1766,5
1767,5
1768,5
1769,5
1770,5
1771,5
1772,5
1773,5
1774,5
1775,5
1776,5
1777,5
1778,5
1779,5
1780,5
1781,5
1782,5
1783,5
1784,5
1785,5
1786,5
1787,5
1788,5
1789,5
1790,5
1791,5
1792,5
1793,5
1794,5
1795,5
1796,5
1797,5
1798,5
1799,5
1800,5
1801,5
1802,5
1803,5
1804,5
1805,5
1806,5
1807,5
1808,5
1809,5
1810,2
1811,2
1812,2
1813,2
1814,2
1815,2
1816,2
1817,2
1818,2
1819,2
1820,5
1821,5
1822,5
1823,5
1824,5
1825,5
1826,5
1827,5
1828,5
1829,5
1830,5
1831,5
1832,5
1833,5
1834,5
1835,5
1836,5
1837,5
1838,5
1839,5
1840,5
1841,5
1842,5
1843,5
1844,5
1845,5
1846,5
1847,5
1848,5
1849,5
1850,5
1851,5
1852,5
1853,5
1854,5
1855,5
1856,5
1857,5
1858,5
1859,5
1860,5
1861,5
1862,5
1863,5
1864,5
1865,5
1866,5
1867,5
1868,5
1869,5
1870,5
1871,5
1872,5
1873,5
1874,5
1875,5
1876,5
1877,5
1878,5
1879,0
1880,0
1881,0
1882,0
1883,0
1884,0
1885,0
1886,0
1887,0
1888,0
1889,5
1890,5
1891,5
1892,5
1893,5
1894,5
1895,5
1896,5
1897,5
1898,5
1899,5
1900,5
1901,5
1902,5
1903,5
1904,5
1905,5
1906,5
1907,5
1908,5
1909,5
1910,5
1911,5
1912,5
1913,5
1914,5
1915,5
1916,5
1917,5
1918,5
1919,5
1920,5
1921,5
1922,5
1923,5
1924,5
1925,5
1926,5
1927,5
1928,5
1929,4
1930,4
1931,4
1932,4
1933,4
1934,5
1935,5
1936,5
1937,5
1938,5
1939,5
1940,5
1941,5
1942,5
1943,5
1944,5
1945,5
1946,5
1947,5
1948,5
1949,5
1950,5
1951,5
1952,5
1953,5
1954,5
1955,5
1956,5
1957,5
1958,5
1959,5
1960,5
1961,5
1962,5
1963,5
1964,5
1965,5
1966,5
1967,5
1968,5
1969,5
1970,5
1971,5
1972,5
1973,5
1974,5
1975,5
1976,5
1977,5
1978,5
1979,5
1980,5
1981,5
1982,5
1983,5
1984,5
1985,5
1986,5
1987,5
1988,5
1989,5
1990,5
1991,5
1992,5
1993,5
1994,5
1995,5
1996,5
1997,5
1998,5
1999,5
2000,5
2001,3
2002,3
2003,3
2004,3
2005,3
2006,3
2007,3
2008,3
2009,3
2010,3
2011,3
2012,3
2013,3
2014,3
2015,5
2016,5
2017,5
2018,5
2019,5
2020,5
2021,5
2022,5
2023,5
2024,5
2025,5
2026,5
2027,5
2028,5
2029,5
2030,5
2031,5
2032,5
2033,5
2034,5
2035,5
2036,5
2037,5
2038,5
2039,5
2040,5
2041,5
2042,5
2043,5
2044,5
2045,5
2046,5
2047,5
2048,5
2049,5
2050,5
2051,5
2052,5
2053,5
2054,5
2055,5
2056,5
2057,5
2058,5
2059,5
2060,5
2061,5
2062,5
2063,5
2064,5
2065,5
2066,5
2067,5
2068,5
2069,5
2070,5
2071,5
2072,5
2073,5
2074,5
2075,5
2076,5
2077,5
2078,5
2079,5
2080,5
2081,5
2082,5
2083,5
2084,5
2085,5
2086,5
2087,5
2088,5
2089,5
2090,5
2091,5
2092,5
2093,5
2094,5
2095,5
2096,5
2097,5
2098,5
2099,5
2100,5
2101,5
2102,5
2103,5
2104,5
2105,5
2106,5
2107,5
2108,5
2109,5
2110,5
2111,5
2112,5
2113,5
2114,5
2115,3
2116,3
2117,3
2118,3
2119,3
2120,3
2121,3
2122,3
2123,3
2124,3
2125,3
2126,3
2127,3
2128,3
2129,3
2130,3
2131,3
2132,3
2133,3
2134,3
2135,3
2136,3
2137,3
2138,5
2139,5
2140,5
2141,5
2142,5
2143,5
2144,5
2145,5
2146,5
2147,5
2148,5
2149,5
2150,5
2151,5
2152,5
2153,5
2154,5
2155,5
2156,5
2157,5
2158,5
2159,5
2160,5
2161,5
2162,5
2163,5
2164,5
2165,5
2166,5
2167,5
2168,5
2169,5
2170,5
2171,5
2172,5
2173,5
2174,5
2175,5
2176,5
2177,5
2178,5
2179,5
2180,5
2181,5
2182,5
2183,5
2184,5
2185,5
2186,5
2187,5
2188,5
2189,5
2190,5
2191,5
2192,5
2193,5
2194,5
2195,5
2196,5
2197,5
2198,5
2199,5
2200,5
2201,5
2202,5
2203,5
2204,5
2205,5
2206,5
2207,5
2208,5
2209,5
2210,5
2211,5
2212,5
2213,5
2214,5
2215,5
2216,5
2217,5
2218,5
2219,5
2220,5
2221,5
2222,5
2223,5
2224,5
2225,5
2226,5
2227,5
2228,5
2229,5
2230,5
2231,5
2232,5
2233,5
2234,5
2235,5
2236,5
2237,5
2238,5
2239,5
2240,4
2241,4
2242,4
2243,4
2244,4
2245,5
2246,5
2247,5
2248,5
2249,5
2250,5
2251,5
2252,5
2253,5
2254,5
2255,5
2256,5
2257,5
2258,5
2259,5
2260,5
2261,5
2262,5
2263,5
2264,5
2265,5
2266,5
2267,5
2268,5
2269,5
2270,5
2271,5
2272,5
2273,5
2274,5
2275,5
2276,5
2277,5
2278,5
2279,5
2280,5
2281,5
2282,5
2283,5
2284,5
2285,5
2286,5
2287,5
2288,5
2289,5
2290,5
2291,5
2292,5
2293,5
2294,5
2295,5
2296,5
2297,5
2298,5
2299,5
2300,5
2301,5
2302,5
2303,5
2304,5
2305,5
2306,5
2307,5
2308,5
2309,5
2310,5
2311,5
2312,5
2313,5
2314,5
2315,5
2316,5
2317,5
2318,5
2319,2
2320,2
2321,2
2322,2
2323,2
2324,2
2325,2
2326,2
2327,5
2328,5
2329,5
2330,5
2331,5
2332,5
2333,5
2334,5
2335,5
2336,5
2337,5
2338,5
2339,5
2340,5
2341,5
2342,5
2343,5
2344,5
2345,5
2346,5
2347,5
2348,5
2349,5
2350,5
2351,5
2352,5
2353,5
2354,5
2355,5
2356,5
2357,5
2358,5
2359,5
2360,5
2361,5
2362,5
2363,5
2364,5
2365,5
2366,3
2367,3
2368,3
2369,3
2370,3
2371,3
2372,3
2373,3
2374,3
2375,3
2376,3
2377,3
2378,3
2379,3
2380,3
2381,3
2382,3
2383,3
2384,3
2385,3
2386,3
2387,3
2388,3
2389,3
2390,3
2391,3
2392,3
2393,3
2394,3
2395,3
2396,3
2397,5
2398,5
2399,5
2400,5
2401,5
2402,5
2403,5
2404,5
2405,5
2406,5
2407,5
2408,5
2409,5
2410,5
2411,5
2412,5
2413,5
2414,5
2415,5
2416,5
2417,5
2418,5
2419,5
2420,5
2421,5
2422,5
2423,5
2424,5
2425,5
2426,5
2427,5
2428,5
2429,5
2430,5
2431,5
2432,5
2433,5
2434,5
2435,5
2436,5
2437,5
2438,5
2439,5
2440,5
2441,5
2442,5
2443,5
2444,5
2445,5
2446,5
2447,5
2448,5
2449,5
2450,5
2451,5
2452,5
2453,5
2454,5
2455,5
2456,5
2457,5
2458,5
2459,5
2460,5
2461,5
2462,5
2463,5
2464,5
2465,5
2466,5
2467,5
2468,5
2469,5
2470,5
2471,5
2472,5
2473,5
2474,5
2475,5
2476,5
2477,5
2478,5
2479,5
2480,5
2481,5
2482,5
2483,5
2484,5
2485,5
2486,5
2487,5
2488,5
2489,5
2490,5
2491,5
2492,5
2493,5
2494,5
2495,5
2496,5
2497,5
2498,5
2499,5
2500,5
2501,5
2502,5
2503,5
2504,5
2505,5
2506,5
2507,5
2508,5
2509,5
2510,5
2511,5
2512,5
2513,5
2514,5
2515,5
2516,5
2517,5
2518,5
2519,5
2520,5
2521,5
2522,5
2523,5
2524,5
2525,5
2526,5
2527,5
2528,5
2529,5
2530,5
2531,5
2532,5
2533,3
2534,3
2535,3
2536,3
2537,3
2538,3
2539,3
2540,3
2541,3
2542,3
2543,3
2544,3
2545,5
2546,5
2547,5
2548,5
2549,5
2550,5
2551,5
2552,5
2553,5
2554,5
2555,5
2556,5
2557,5
2558,5
2559,5
2560,5
2561,5
2562,5
2563,5
2564,5
2565,5
2566,5
2567,5
2568,5
2569,5
2570,5
2571,5
2572,5
2573,5
2574,5
2575,5
2576,5
2577,5
2578,5
2579,5
2580,5
2581,5
2582,5
2583,5
2584,5
2585,5
2586,5
2587,5
2588,5
2589,5
2590,5
2591,5
2592,5
2593,5
2594,5
2595,5
2596,5
2597,5
2598,5
2599,5
2600,5
2601,5
2602,5
2603,5
2604,5
2605,5
2606,5
2607,5
2608,5
2609,5
2610,5
2611,5
2612,5
2613,5
2614,5
2615,5
2616,5
2617,5
2618,5
2619,5
2620,5
2621,5
2622,5
2623,5
2624,5
2625,5
2626,5
2627,5
2628,5
2629,5
2630,5
2631,5
2632,5
2633,5
2634,5
2635,5
2636,5
2637,5
2638,5
2639,5
2640,5
2641,5
2642,5
2643,5
2644,5
2645,5
2646,5
2647,5
2648,5
2649,5
2650,5
2651,5
2652,5
2653,5
2654,5
2655,5
2656,5
2657,5
2658,5
2659,5
2660,5
2661,5
2662,5
2663,5
2664,5
2665,5
2666,5
2667,5
2668,5
2669,5
2670,5
2671,5
2672,5
2673,5
2674,4
2675,4
2676,4
2677,4
2678,4
2679,4
2680,4
2681,5
2682,5
2683,5
2684,5
2685,5
2686,5
2687,5
2688,5
2689,5
2690,5
2691,5
2692,5
2693,5
2694,5
2695,5
2696,5
2697,5
2698,5
2699,5
2700,5
2701,5
2702,5
2703,5
2704,5
2705,5
2706,5
2707,5
2708,5
2709,5
2710,5
2711,5
2712,5
2713,5
2714,5
2715,5
2716,5
2717,5
2718,5
2719,5
2720,5
2721,5
2722,5
2723,5
2724,5
2725,5
2726,5
2727,5
2728,5
2729,5
2730,5
2731,5
2732,5
2733,5
2734,5
2735,5
2736,5
2737,5
2738,5
2739,5
2740,5
2741,5
2742,5
2743,5
2744,5
2745,5
2746,5
2747,5
2748,5
2749,5
2750,5
2751,5
2752,5
2753,5
2754,5
2755,2
2756,2
2757,2
2758,2
2759,2
2760,2
2761,2
2762,2
2763,5
2764,5
2765,5
2766,5
2767,5
2768,5
2769,5
2770,5
2771,5
2772,5
2773,5
2774,5
2775,5
2776,5
2777,5
2778,5
2779,5
2780,5
2781,5
2782,5
2783,5
2784,5
2785,5
2786,5
2787,5
2788,5
2789,5
2790,5
2791,5
2792,5
2793,5
2794,5
2795,5
2796,5
2797,5
2798,5
2799,5
2800,5
2801,5
2802,5
2803,5
2804,5
2805,5
2806,5
2807,5
2808,5
2809,5
2810,5
2811,5
2812,5
2813,5
2814,5
2815,5
2816,5
2817,5
2818,5
2819,5
2820,5
2821,5
2822,5
2823,5
2824,5
2825,5
2826,5
2827,5
2828,5
2829,5
2830,5
2831,5
2832,5
2833,5
2834,5
2835,5
2836,5
2837,5
2838,5
2839,5
2840,5
2841,5
2842,5
2843,5
2844,5
2845,5
2846,5
2847,5
2848,5
2849,5
2850,5
2851,5
2852,5
2853,5
2854,5
2855,5
2856,5
2857,5
2858,5
2859,5
2860,5
2861,5
2862,5
2863,2
2864,2
2865,2
2866,2
2867,2
2868,2
2869,2
2870,2
2871,2
2872,5
2873,5
2874,5
2875,5
2876,5
2877,5
2878,5
2879,5
2880,5
2881,5
2882,5
2883,5
2884,5
2885,5
2886,5
2887,5
2888,5
2889,5
2890,5
2891,5
2892,5
2893,5
2894,5
2895,5
2896,5
2897,5
2898,5
2899,5
2900,5
2901,5
2902,5
2903,5
2904,5
2905,5
2906,5
2907,5
2908,5
2909,5
2910,5
2911,5
2912,5
2913,5
2914,5
2915,5
2916,5
2917,5
2918,5
2919,5
2920,5
2921,5
2922,5
2923,5
2924,5
2925,5
2926,5
2927,5
2928,5
2929,5
2930,5
2931,5
2932,4
2933,4
2934,4
2935,4
2936,5
2937,5
2938,5
2939,5
2940,5
2941,5
2942,5
2943,5
2944,5
2945,5
2946,5
2947,5
2948,5
2949,5
2950,5
2951,5
2952,5
2953,5
2954,5
2955,5
2956,5
2957,5
2958,5
2959,5
2960,5
2961,5
2962,5
2963,5
2964,5
2965,5
2966,5
2967,5
2968,5
2969,5
2970,5
2971,5
2972,5
2973,5
2974,5
2975,5
2976,5
2977,3
2978,3
2979,3
2980,3
2981,3
2982,3
2983,3
2984,3
2985,5
2986,5
2987,5
2988,5
2989,5
2990,5
2991,5
2992,5
