0,5
1,5
2,5
3,5
4,5
5,5
6,5
7,5
8,5
9,5
10,5
11,5
12,5
13,5
14,5
15,5
16,5
17,5
18,5
19,5
20,5
21,5
22,5
23,5
24,5
25,5
26,5
27,5
28,5
29,5
30,5
31,5
32,5
33,5
34,5
35,5
36,5
37,5
38,5
39,5
40,5
41,5
42,5
43,5
44,5
45,5
46,5
47,5
48,5
49,5
50,5
51,5
52,5
53,5
54,5
55,5
56,5
57,5
58,5
59,5
60,5
61,5
62,5
63,5
64,5
65,5
66,5
67,5
68,5
69,5
70,5
71,5
72,5
73,5
74,5
75,0
76,0
77,0
78,0
79,0
80,0
81,0
82,5
83,5
84,5
85,5
86,5
87,5
88,5
89,5
90,5
91,5
92,5
93,5
94,5
95,5
96,5
97,5
98,5
99,5
100,5
101,5
102,5
103,5
104,5
105,5
106,5
107,5
108,5
109,5
110,5
111,5
112,5
113,5
114,5
115,5
116,5
117,5
118,5
119,5
120,5
121,5
122,5
123,5
124,5
125,5
126,5
127,5
128,5
129,5
130,5
131,5
132,5
133,5
134,5
135,5
136,5
137,5
138,5
139,5
140,5
141,5
142,5
143,5
144,2
145,2
146,2
147,2
148,2
149,2
150,2
151,2
152,2
153,2
154,2
155,2
156,2
157,2
158,2
159,2
160,2
161,2
162,5
163,5
164,5
165,5
166,5
167,5
168,5
169,5
170,5
171,5
172,5
173,5
174,5
175,5
176,5
177,5
178,5
179,5
180,5
181,5
182,5
183,5
184,5
185,5
186,5
187,5
188,5
189,5
190,5
191,5
192,5
193,5
194,5
195,5
196,5
197,5
198,5
199,5
200,5
201,5
202,5
203,5
204,5
205,5
206,5
207,5
208,5
209,5
210,5
211,5
212,5
213,5
214,5
215,5
216,5
217,5
218,5
219,5
220,5
221,5
222,5
223,5
224,5
225,5
226,5
227,5
228,5
229,5
230,5
231,5
232,5
233,5
234,5
235,4
236,4
237,4
238,4
239,4
240,4
241,4
242,5
243,5
244,5
245,5
246,5
247,5
248,5
249,5
250,5
251,5
252,5
253,5
254,5
255,5
256,5
257,5
258,5
259,5
260,5
261,5
262,5
263,5
264,5
265,5
266,5
267,5
268,5
269,5
270,5
271,5
272,5
273,5
274,5
275,5
276,5
277,5
278,5
279,5
280,5
281,5
282,5
283,5
284,5
285,5
286,5
287,5
288,5
289,5
290,5
291,5
292,5
293,5
294,5
295,5
296,3
297,3
298,3
299,3
300,3
301,3
302,3
303,3
304,3
305,3
306,3
307,3
308,3
309,3
310,5
311,5
312,5
313,5
314,5
315,5
316,5
317,5
318,5
319,5
320,5
321,5
322,5
323,5
324,5
325,5
326,5
327,5
328,5
329,5
330,5
331,5
332,5
333,5
334,5
335,5
336,5
337,5
338,5
339,5
340,5
341,5
342,5
343,5
344,5
345,5
346,5
347,5
348,5
349,5
350,5
351,5
352,5
353,5
354,5
355,5
356,5
357,5
358,5
359,5
360,5
361,5
362,5
363,5
364,5
365,5
366,5
367,5
368,5
369,5
370,5
371,5
372,5
373,5
374,5
375,5
376,5
377,5
378,5
379,5
380,5
381,5
382,5
383,5
384,5
385,5
386,5
387,5
388,5
389,3
390,3
391,3
392,3
393,3
394,3
395,3
396,3
397,3
398,3
399,3
400,3
401,5
402,5
403,5
404,5
405,5
406,5
407,5
408,5
409,5
410,5
411,5
412,5
413,5
414,5
415,5
416,5
417,5
418,5
419,5
420,5
421,5
422,5
423,5
424,5
425,5
426,5
427,5
428,5
429,5
430,5
431,5
432,5
433,5
434,5
435,5
436,5
437,5
438,5
439,5
440,5
441,5
442,5
443,5
444,5
445,5
446,5
447,5
448,5
449,5
450,5
451,5
452,5
453,5
454,5
455,5
456,5
457,5
458,5
459,3
460,3
461,3
462,3
463,3
464,3
465,3
466,3
467,3
468,3
469,3
470,3
471,3
472,3
473,5
474,5
475,5
476,5
477,5
478,5
479,5
480,5
481,5
482,5
483,5
484,5
485,5
486,5
487,5
488,5
489,5
490,5
491,5
492,5
493,5
494,5
495,5
496,5
497,5
498,5
499,5
500,5
501,5
502,5
503,5
504,5
505,5
506,5
507,5
508,5
509,5
510,5
511,5
512,5
513,5
514,5
515,5
516,5
517,5
518,5
519,5
520,5
521,5
522,5
523,5
524,5
525,5
526,5
527,5
528,5
529,5
530,5
531,5
532,5
533,5
534,5
535,4
536,4
537,4
538,4
539,4
540,4
541,4
542,4
543,4
544,5
545,5
546,5
547,5
548,5
549,5
550,5
551,5
552,5
553,5
554,5
555,5
556,5
557,5
558,5
559,5
560,5
561,5
562,5
563,5
564,5
565,5
566,5
567,5
568,5
569,5
570,5
571,5
572,5
573,5
574,5
575,5
576,5
577,5
578,5
579,5
580,5
581,5
582,5
583,5
584,5
585,5
586,5
587,5
588,5
589,5
590,5
591,5
592,5
593,5
594,5
595,3
596,3
597,3
598,3
599,3
600,3
601,3
602,3
603,3
604,3
605,3
606,3
607,3
608,3
609,3
610,5
611,5
612,5
613,5
614,5
615,5
616,5
617,5
618,5
619,5
620,5
621,5
622,5
623,5
624,5
625,5
626,5
627,5
628,5
629,5
630,5
631,5
632,5
633,5
634,5
635,5
636,5
637,5
638,5
639,5
640,5
641,5
642,5
643,5
644,5
645,5
646,5
647,5
648,5
649,5
650,5
651,5
652,5
653,5
654,5
655,5
656,5
657,5
658,0
659,0
660,0
661,0
662,0
663,0
664,0
665,0
666,0
667,0
668,0
669,0
670,0
671,0
672,5
673,5
674,5
675,5
676,5
677,5
678,5
679,5
680,5
681,5
682,5
683,5
684,5
685,5
686,5
687,5
688,5
689,5
690,5
691,5
692,5
693,5
694,5
695,5
696,5
697,5
698,5
699,5
700,5
701,5
702,5
703,5
704,5
705,5
706,5
707,5
708,5
709,5
710,5
711,5
712,5
713,5
714,5
715,5
716,5
717,5
718,5
719,5
720,5
721,5
722,5
723,5
724,5
725,5
726,5
727,5
728,1
729,1
730,1
731,1
732,1
733,1
734,1
735,1
736,1
737,1
738,1
739,1
740,1
741,1
742,5
743,5
744,5
745,5
746,5
747,5
748,5
749,5
750,5
751,5
752,5
753,5
754,5
755,5
756,5
757,5
758,5
759,5
760,5
761,5
762,5
763,5
764,5
765,5
766,5
767,5
768,5
769,5
770,5
771,5
772,5
773,5
774,5
775,4
776,4
777,4
778,4
779,4
780,4
781,5
782,5
783,5
784,5
785,5
786,5
787,5
788,5
789,5
790,5
791,5
792,5
793,5
794,5
795,5
796,5
797,5
798,5
799,5
800,5
801,5
802,5
803,5
804,5
805,5
806,5
807,5
808,5
809,5
810,5
811,5
812,5
813,5
814,5
815,5
816,5
817,5
818,5
819,5
820,5
821,5
822,5
823,5
824,5
825,5
826,5
827,5
828,5
829,5
830,5
831,5
832,5
833,5
834,5
835,5
836,5
837,5
838,5
839,5
840,5
841,5
842,5
843,5
844,5
845,5
846,5
847,5
848,5
849,5
850,5
851,5
852,5
853,5
854,5
855,0
856,0
857,0
858,0
859,0
860,0
861,0
862,0
863,0
864,0
865,0
866,0
867,0
868,0
869,0
870,5
871,5
872,5
873,5
874,5
875,5
876,5
877,5
878,5
879,5
880,5
881,5
882,5
883,5
884,5
885,5
886,5
887,5
888,5
889,5
890,5
891,5
892,5
893,5
894,5
895,5
896,5
897,5
898,5
899,5
900,5
901,5
902,5
903,5
904,5
905,5
906,5
907,5
908,5
909,2
910,2
911,2
912,2
913,2
914,2
915,2
916,2
917,2
918,2
919,5
920,5
921,5
922,5
923,5
924,5
925,5
926,5
927,5
928,5
929,5
930,5
931,5
932,5
933,5
934,5
935,5
936,5
937,5
938,5
939,5
940,5
941,5
942,5
943,5
944,5
945,5
946,5
947,5
948,5
949,5
950,5
951,5
952,5
953,5
954,5
955,5
956,5
957,5
958,5
959,5
960,5
961,5
962,2
963,2
964,2
965,2
966,2
967,2
968,2
969,2
970,2
971,2
972,2
973,2
974,2
975,2
976,2
977,2
978,5
979,5
980,5
981,5
982,5
983,5
984,5
985,5
986,5
987,5
988,5
989,5
990,5
991,5
992,5
993,5
994,5
995,5
996,5
997,5
998,5
999,5
1000,5
1001,5
1002,5
1003,5
1004,5
1005,5
1006,5
1007,5
1008,5
1009,5
1010,5
1011,5
1012,5
1013,5
1014,5
1015,5
1016,5
1017,5
1018,5
1019,5
1020,5
1021,5
1022,5
1023,5
1024,5
1025,5
1026,5
1027,5
1028,5
1029,5
1030,5
1031,5
1032,5
1033,5
1034,5
1035,5
1036,5
1037,5
1038,5
1039,5
1040,5
1041,5
1042,5
1043,5
1044,5
1045,5
1046,5
1047,5
1048,5
1049,5
1050,5
1051,5
1052,5
1053,5
1054,5
1055,5
1056,5
1057,5
1058,5
1059,2
1060,2
1061,2
1062,2
1063,2
1064,2
1065,2
1066,2
1067,2
1068,2
1069,2
1070,2
1071,2
1072,2
1073,2
1074,2
1075,5
1076,5
1077,5
1078,5
1079,5
1080,5
1081,5
1082,5
1083,5
1084,5
1085,5
1086,5
1087,5
1088,5
1089,5
1090,5
1091,5
1092,5
1093,5
1094,5
1095,5
1096,5
1097,5
1098,5
1099,5
1100,5
1101,5
1102,5
1103,5
1104,5
1105,5
1106,5
1107,5
1108,5
1109,5
1110,5
1111,5
1112,5
1113,5
1114,5
1115,5
1116,5
1117,5
1118,5
1119,5
1120,5
1121,5
1122,5
1123,5
1124,5
1125,5
1126,5
1127,5
1128,5
1129,5
1130,5
1131,1
1132,1
1133,1
1134,1
1135,1
1136,1
1137,1
1138,1
1139,1
1140,1
1141,1
1142,1
1143,1
1144,1
1145,1
1146,1
1147,1
1148,1
1149,1
1150,1
1151,1
1152,1
1153,1
1154,1
1155,1
1156,1
1157,1
1158,1
1159,1
1160,1
1161,5
1162,5
1163,5
1164,5
1165,5
1166,5
1167,5
1168,5
1169,5
1170,5
1171,5
1172,5
1173,5
1174,5
1175,5
1176,5
1177,5
1178,5
1179,5
1180,5
1181,5
1182,5
1183,5
1184,5
1185,5
1186,5
1187,5
1188,5
1189,5
1190,5
1191,5
1192,5
1193,5
1194,5
1195,5
1196,5
1197,5
1198,5
1199,5
1200,5
1201,5
1202,5
1203,5
1204,5
1205,5
1206,5
1207,5
1208,5
1209,5
1210,5
1211,5
1212,5
1213,5
1214,5
1215,5
1216,5
1217,5
1218,5
1219,5
1220,5
1221,5
1222,5
1223,5
1224,5
1225,5
1226,5
1227,5
1228,5
1229,5
1230,5
1231,5
1232,5
1233,5
1234,5
1235,5
1236,5
1237,5
1238,5
1239,5
1240,5
1241,5
1242,5
1243,5
1244,5
1245,5
1246,5
1247,5
1248,5
1249,5
1250,5
1251,5
1252,5
1253,5
1254,5
1255,5
1256,3
1257,3
1258,3
1259,3
1260,3
1261,3
1262,3
1263,3
1264,3
1265,3
1266,3
1267,3
1268,3
1269,3
1270,3
1271,3
1272,3
1273,3
1274,3
1275,3
1276,3
1277,3
1278,3
1279,3
1280,3
1281,3
1282,3
1283,3
1284,3
1285,3
1286,3
1287,3
1288,3
1289,3
1290,3
1291,3
1292,3
1293,3
1294,3
1295,3
1296,3
1297,3
1298,3
1299,3
1300,3
1301,3
1302,5
1303,5
1304,5
1305,5
1306,5
1307,5
1308,5
1309,5
1310,5
1311,5
1312,5
1313,5
1314,5
1315,5
1316,5
1317,5
1318,5
1319,5
1320,5
1321,5
1322,5
1323,5
1324,5
1325,5
1326,5
1327,5
1328,5
1329,5
1330,5
1331,5
1332,5
1333,5
1334,5
1335,5
1336,5
1337,5
1338,5
1339,5
1340,5
1341,5
1342,5
1343,5
1344,5
1345,5
1346,5
1347,5
1348,5
1349,5
1350,5
1351,5
1352,5
1353,5
1354,5
1355,5
1356,5
1357,5
1358,5
1359,5
1360,5
1361,5
1362,5
1363,5
1364,5
1365,5
1366,5
1367,5
1368,5
1369,5
1370,5
1371,5
1372,5
1373,5
1374,5
1375,5
1376,5
1377,5
1378,5
1379,5
1380,5
1381,5
1382,5
1383,5
1384,5
1385,5
1386,5
1387,2
1388,2
1389,2
1390,2
1391,2
1392,2
1393,2
1394,2
1395,2
1396,2
1397,2
1398,2
1399,2
1400,2
1401,2
1402,2
1403,2
1404,2
1405,5
1406,5
1407,5
1408,5
1409,5
1410,5
1411,5
1412,5
1413,5
1414,5
1415,5
1416,5
1417,5
1418,5
1419,5
1420,5
1421,5
1422,5
1423,5
1424,5
1425,5
1426,5
1427,5
1428,5
1429,5
1430,5
1431,5
1432,5
1433,5
1434,5
1435,5
1436,5
1437,5
1438,5
1439,5
1440,5
1441,5
1442,5
1443,5
1444,5
1445,5
1446,5
1447,5
1448,5
1449,5
1450,5
1451,5
1452,5
1453,5
1454,5
1455,5
1456,5
1457,5
1458,5
1459,5
1460,5
1461,5
1462,5
1463,5
1464,5
1465,5
1466,5
1467,5
1468,5
1469,5
1470,5
1471,5
1472,5
1473,5
1474,5
1475,5
1476,5
1477,5
1478,3
1479,3
1480,3
1481,3
1482,3
1483,3
1484,3
1485,3
1486,3
1487,3
1488,3
1489,3
1490,3
1491,3
1492,3
1493,3
1494,3
1495,3
1496,5
1497,5
1498,5
1499,5
1500,5
1501,5
1502,5
1503,5
1504,5
1505,5
1506,5
1507,5
1508,5
1509,5
1510,5
1511,5
1512,5
1513,5
1514,5
1515,5
1516,5
1517,5
1518,5
1519,5
1520,5
1521,5
1522,5
1523,5
1524,5
1525,5
1526,5
1527,5
1528,5
1529,5
1530,5
1531,5
1532,5
1533,5
1534,5
1535,5
1536,5
1537,5
1538,5
1539,5
1540,5
1541,5
1542,5
1543,5
1544,5
1545,5
1546,5
1547,5
1548,5
1549,5
1550,5
1551,5
1552,5
1553,5
1554,5
1555,5
1556,5
1557,5
1558,5
1559,5
1560,5
1561,5
1562,5
1563,5
1564,5
1565,5
1566,5
1567,5
1568,5
1569,5
1570,5
1571,5
1572,5
1573,5
1574,5
1575,5
1576,5
1577,5
1578,5
1579,5
1580,5
1581,5
1582,5
1583,5
1584,5
1585,5
1586,5
1587,5
1588,5
1589,5
1590,5
1591,5
1592,5
1593,5
1594,5
1595,5
1596,5
1597,5
1598,5
1599,5
1600,5
1601,5
1602,5
1603,5
1604,5
1605,5
1606,5
1607,5
1608,5
1609,5
1610,5
1611,5
1612,5
1613,5
1614,5
1615,5
1616,5
1617,5
1618,5
1619,5
1620,5
1621,5
1622,5
1623,5
1624,5
1625,0
1626,0
1627,0
1628,0
1629,0
1630,0
1631,0
1632,0
1633,0
1634,0
1635,0
1636,0
1637,0
1638,0
1639,0
1640,0
1641,5
1642,5
1643,5
1644,5
1645,5
1646,5
1647,5
1648,5
1649,5
1650,5
1651,5
1652,5
1653,5
1654,5
1655,5
1656,5
1657,5
1658,5
1659,5
1660,5
1661,5
1662,5
1663,5
1664,5
1665,5
1666,5
1667,5
1668,5
1669,5
1670,5
1671,5
1672,5
1673,5
1674,5
1675,5
1676,5
1677,5
1678,5
1679,5
1680,5
1681,5
1682,5
1683,5
1684,5
1685,5
1686,5
1687,5
1688,5
1689,5
1690,5
1691,5
1692,5
1693,5
1694,5
1695,5
1696,5
1697,1
1698,1
1699,1
1700,1
1701,1
1702,1
1703,1
1704,1
1705,1
1706,1
1707,1
1708,1
1709,1
1710,1
1711,1
1712,5
1713,5
1714,5
1715,5
1716,5
1717,5
1718,5
1719,5
1720,5
1721,5
1722,5
1723,5
1724,5
1725,5
1726,5
1727,5
1728,5
1729,5
1730,5
1731,5
1732,5
1733,5
1734,5
1735,5
1736,5
1737,5
1738,5
1739,5
1740,5
1741,5
1742,5
1743,5
1744,5
1745,5
1746,5
1747,5
1748,5
1749,5
1750,5
1751,5
1752,5
1753,5
1754,5
1755,5
1756,5
1757,5
1758,5
1759,5
1760,5
1761,5
1762,5
1763,5
1764,5
1765,5
1766,5
1767,5
1768,5
1769,5
1770,5
1771,5
1772,5
1773,5
1774,5
1775,5
1776,5
1777,5
1778,5
1779,5
1780,5
1781,5
1782,5
1783,5
1784,5
1785,5
1786,5
1787,5
1788,5
1789,5
1790,5
1791,5
1792,5
1793,5
1794,0
1795,0
1796,0
1797,0
1798,0
1799,0
1800,0
1801,0
1802,0
1803,0
1804,0
1805,0
1806,0
1807,0
1808,0
1809,0
1810,0
1811,0
1812,5
1813,5
1814,5
1815,5
1816,5
1817,5
1818,5
1819,5
1820,5
1821,5
1822,5
1823,5
1824,5
1825,5
1826,5
1827,5
1828,5
1829,5
1830,5
1831,5
1832,5
1833,5
1834,5
1835,5
1836,5
1837,5
1838,5
1839,5
1840,5
1841,5
1842,5
1843,5
1844,5
1845,5
1846,5
1847,5
1848,5
1849,5
1850,5
1851,5
1852,5
1853,5
1854,5
1855,5
1856,5
1857,5
1858,5
1859,5
1860,5
1861,5
1862,5
1863,5
1864,5
1865,5
1866,5
1867,5
1868,5
1869,5
1870,5
1871,5
1872,5
1873,5
1874,5
1875,5
1876,5
1877,5
1878,4
1879,4
1880,4
1881,4
1882,4
1883,4
1884,5
1885,5
1886,5
1887,5
1888,5
1889,5
1890,5
1891,5
1892,5
1893,5
1894,5
1895,5
1896,5
1897,5
1898,5
1899,5
1900,5
1901,5
1902,5
1903,5
1904,5
1905,5
1906,5
1907,5
1908,5
1909,5
1910,5
1911,5
1912,5
1913,5
1914,5
1915,5
1916,5
1917,5
1918,5
1919,5
1920,5
1921,5
1922,5
1923,5
1924,5
1925,5
1926,5
1927,5
1928,5
1929,5
1930,5
1931,5
1932,5
1933,5
1934,5
1935,5
1936,5
1937,5
1938,5
1939,5
1940,5
1941,5
1942,5
1943,5
1944,5
1945,5
1946,5
1947,5
1948,5
1949,5
1950,5
1951,5
1952,5
1953,5
1954,5
1955,5
1956,5
1957,5
1958,5
1959,5
1960,5
1961,5
1962,5
1963,5
1964,5
1965,5
1966,5
1967,5
1968,5
1969,5
1970,5
1971,5
1972,5
1973,5
1974,5
1975,5
1976,5
1977,5
1978,5
1979,5
1980,5
1981,5
1982,5
1983,5
1984,5
1985,5
1986,5
1987,5
1988,5
1989,5
1990,5
1991,5
1992,5
1993,5
1994,5
1995,5
1996,1
1997,1
1998,1
1999,1
2000,1
2001,1
2002,1
2003,1
2004,1
2005,1
2006,1
2007,1
2008,1
2009,1
2010,1
2011,1
2012,1
2013,1
2014,1
2015,1
2016,5
2017,5
2018,5
2019,5
2020,5
2021,5
2022,5
2023,5
2024,5
2025,5
2026,5
2027,5
2028,5
2029,5
2030,5
2031,5
2032,5
2033,5
2034,5
2035,5
2036,5
2037,5
2038,5
2039,5
2040,5
2041,5
2042,5
2043,5
2044,5
2045,5
2046,5
2047,5
2048,5
2049,5
2050,5
2051,5
2052,5
2053,5
2054,5
2055,5
2056,5
2057,5
2058,5
2059,5
2060,5
2061,5
2062,5
2063,5
2064,5
2065,5
2066,5
2067,5
2068,5
2069,5
2070,5
2071,5
2072,5
2073,5
2074,5
2075,5
2076,5
2077,5
2078,5
2079,5
2080,5
2081,5
2082,5
2083,5
2084,5
2085,5
2086,5
2087,5
2088,5
2089,5
2090,5
2091,5
2092,5
2093,5
2094,5
2095,5
2096,5
2097,5
2098,5
2099,5
2100,5
2101,5
2102,5
2103,5
2104,5
2105,5
2106,5
2107,5
2108,5
2109,5
2110,5
2111,5
2112,5
2113,5
2114,5
2115,5
2116,5
2117,5
2118,5
2119,5
2120,5
2121,5
2122,5
2123,5
2124,5
2125,5
2126,5
2127,5
2128,5
2129,5
2130,5
2131,5
2132,5
2133,5
2134,5
2135,5
2136,5
2137,5
2138,5
2139,5
2140,5
2141,2
2142,2
2143,2
2144,2
2145,2
2146,2
2147,2
2148,2
2149,2
2150,2
2151,2
2152,2
2153,2
2154,2
2155,2
2156,2
2157,2
2158,2
2159,2
2160,2
2161,2
2162,2
2163,5
2164,5
2165,5
2166,5
2167,5
2168,5
2169,5
2170,5
2171,5
2172,5
2173,5
2174,5
2175,5
2176,5
2177,5
2178,5
2179,5
2180,5
2181,5
2182,5
2183,5
2184,5
2185,5
2186,5
2187,5
2188,5
2189,5
2190,5
2191,5
2192,5
2193,5
2194,5
2195,5
2196,5
2197,5
2198,5
2199,5
2200,5
2201,5
2202,5
2203,5
2204,5
2205,5
2206,5
2207,5
2208,5
2209,5
2210,5
2211,5
2212,5
2213,5
2214,5
2215,5
2216,1
2217,1
2218,1
2219,1
2220,1
2221,1
2222,1
2223,1
2224,1
2225,1
2226,1
2227,1
2228,1
2229,1
2230,1
2231,1
2232,1
2233,1
2234,1
2235,5
2236,5
2237,5
2238,5
2239,5
2240,5
2241,5
2242,5
2243,5
2244,5
2245,5
2246,5
2247,5
2248,5
2249,5
2250,5
2251,5
2252,5
2253,5
2254,5
2255,5
2256,5
2257,5
2258,5
2259,5
2260,5
2261,5
2262,5
2263,5
2264,5
2265,5
2266,5
2267,5
2268,5
2269,5
2270,5
2271,5
2272,5
2273,5
2274,5
2275,5
2276,5
2277,5
2278,5
2279,5
2280,5
2281,5
2282,0
2283,0
2284,0
2285,0
2286,0
2287,0
2288,0
2289,0
2290,0
2291,0
2292,0
2293,0
2294,0
2295,0
2296,0
2297,0
2298,0
2299,0
2300,5
2301,5
2302,5
2303,5
2304,5
2305,5
2306,5
2307,5
2308,5
2309,5
2310,5
2311,5
2312,5
2313,5
2314,5
2315,5
2316,5
2317,5
2318,5
2319,5
2320,5
2321,5
2322,5
2323,5
2324,5
2325,5
2326,5
2327,5
2328,5
2329,5
2330,5
2331,5
2332,5
2333,5
2334,5
2335,5
2336,5
2337,5
2338,5
2339,5
2340,5
2341,5
2342,4
2343,4
2344,4
2345,4
2346,4
2347,4
2348,4
2349,4
2350,5
2351,5
2352,5
2353,5
2354,5
2355,5
2356,5
2357,5
2358,5
2359,5
2360,5
2361,5
2362,5
2363,5
2364,5
2365,5
2366,5
2367,5
2368,5
2369,5
2370,5
2371,5
2372,5
2373,5
2374,5
2375,5
2376,5
2377,1
2378,1
2379,1
2380,1
2381,1
2382,1
2383,1
2384,1
2385,1
2386,1
2387,1
2388,1
2389,1
2390,5
2391,5
2392,5
2393,5
2394,5
2395,5
2396,5
2397,5
2398,5
2399,5
2400,5
2401,5
2402,5
2403,5
2404,5
2405,5
2406,5
2407,5
2408,5
2409,5
2410,5
2411,5
2412,5
2413,5
2414,5
2415,5
2416,5
2417,5
2418,5
2419,5
2420,5
2421,5
2422,5
2423,5
2424,5
2425,5
2426,5
2427,5
2428,5
2429,0
2430,0
2431,0
2432,0
2433,0
2434,0
2435,0
2436,0
2437,0
2438,0
2439,0
2440,0
2441,0
2442,0
2443,0
2444,0
2445,0
2446,0
2447,5
2448,5
2449,5
2450,5
2451,5
2452,5
2453,5
2454,5
2455,5
2456,5
2457,5
2458,5
2459,5
2460,5
2461,5
2462,5
2463,5
2464,5
2465,5
2466,5
2467,5
2468,5
2469,5
2470,5
2471,5
2472,5
2473,5
2474,5
2475,5
2476,5
2477,5
2478,5
2479,5
2480,5
2481,5
2482,5
2483,5
2484,5
2485,5
2486,5
2487,5
2488,5
2489,5
2490,5
2491,3
2492,3
2493,3
2494,3
2495,3
2496,3
2497,3
2498,3
2499,3
2500,3
2501,3
2502,3
2503,3
2504,3
2505,3
2506,3
2507,3
2508,3
2509,3
2510,3
2511,3
2512,3
2513,3
2514,3
2515,3
2516,3
2517,3
2518,3
2519,3
2520,3
2521,3
2522,3
2523,3
2524,3
2525,3
2526,5
2527,5
2528,5
2529,5
2530,5
2531,5
2532,5
2533,5
2534,5
2535,5
2536,5
2537,5
2538,5
2539,5
2540,5
2541,5
2542,5
2543,5
2544,5
2545,5
2546,5
2547,5
2548,5
2549,5
2550,5
2551,5
2552,5
2553,5
2554,5
2555,5
2556,5
2557,5
2558,5
2559,5
2560,5
2561,5
2562,5
2563,5
2564,5
2565,5
2566,5
2567,5
2568,5
2569,5
2570,5
2571,5
2572,5
2573,5
2574,5
2575,5
2576,5
2577,5
2578,5
2579,5
2580,5
2581,5
2582,5
2583,5
2584,5
2585,5
2586,5
2587,5
2588,5
2589,5
2590,5
2591,5
2592,5
2593,5
2594,5
2595,5
2596,5
2597,5
2598,5
2599,5
2600,5
2601,5
2602,5
2603,5
2604,5
2605,5
2606,5
2607,5
2608,5
2609,5
2610,5
2611,5
2612,5
2613,5
2614,5
2615,5
2616,5
2617,5
2618,5
2619,5
2620,2
2621,2
2622,2
2623,2
2624,2
2625,2
2626,2
2627,2
2628,2
2629,2
2630,2
2631,2
2632,5
2633,5
2634,5
2635,5
2636,5
2637,5
2638,5
2639,5
2640,5
2641,5
2642,5
2643,5
2644,5
2645,5
2646,5
2647,5
2648,5
2649,5
2650,5
2651,5
2652,5
2653,5
2654,5
2655,5
2656,5
2657,5
2658,5
2659,5
2660,5
2661,5
2662,5
2663,5
2664,5
2665,5
2666,5
2667,5
2668,5
2669,5
2670,5
2671,5
2672,5
2673,5
2674,5
2675,5
2676,5
2677,5
2678,5
2679,5
2680,5
2681,5
2682,5
2683,5
2684,5
2685,5
2686,5
2687,5
2688,5
2689,5
2690,5
2691,5
2692,5
2693,5
2694,5
2695,5
2696,5
2697,5
2698,5
2699,3
2700,3
2701,3
2702,3
2703,3
2704,3
2705,3
2706,3
2707,3
2708,3
2709,3
2710,3
2711,5
2712,5
2713,5
2714,5
2715,5
2716,5
2717,5
2718,5
2719,5
2720,5
2721,5
2722,5
2723,5
2724,5
2725,5
2726,5
2727,5
2728,5
2729,5
2730,5
2731,5
2732,5
2733,5
2734,5
2735,5
2736,5
2737,5
2738,5
2739,5
2740,5
2741,5
2742,5
2743,5
2744,5
2745,5
2746,5
2747,5
2748,5
2749,5
2750,5
2751,5
2752,5
2753,5
2754,5
2755,5
2756,5
2757,5
2758,5
2759,5
2760,5
2761,5
2762,5
2763,5
2764,5
2765,5
2766,5
2767,5
2768,5
2769,5
2770,5
2771,5
2772,5
2773,5
2774,2
2775,2
2776,2
2777,2
2778,2
2779,2
2780,2
2781,2
2782,2
2783,2
2784,2
2785,2
2786,2
2787,5
2788,5
2789,5
2790,5
2791,5
2792,5
2793,5
2794,5
2795,5
2796,5
2797,5
2798,5
2799,5
2800,5
2801,5
2802,5
2803,5
2804,5
2805,5
2806,5
2807,5
2808,5
2809,5
2810,5
2811,5
2812,5
2813,5
2814,5
2815,5
2816,5
2817,5
2818,5
2819,5
2820,5
2821,5
2822,5
2823,5
2824,5
2825,5
2826,5
2827,5
2828,5
2829,5
2830,5
2831,5
2832,5
2833,5
2834,5
2835,5
2836,5
2837,5
2838,5
2839,5
2840,5
2841,5
2842,5
2843,5
2844,5
2845,5
2846,5
2847,5
2848,5
2849,5
2850,5
2851,5
2852,5
2853,5
2854,5
2855,5
2856,5
2857,5
2858,5
2859,5
2860,1
2861,1
2862,1
2863,1
2864,1
2865,1
2866,1
2867,1
2868,1
2869,1
2870,1
2871,1
2872,1
2873,1
2874,1
2875,1
2876,1
2877,1
2878,1
2879,1
2880,1
2881,1
2882,1
2883,1
2884,1
2885,1
2886,1
2887,1
2888,1
2889,1
2890,1
2891,1
2892,5
2893,5
2894,5
2895,5
2896,5
2897,5
2898,5
2899,5
2900,5
2901,5
2902,5
2903,5
2904,5
2905,5
2906,5
2907,5
2908,5
2909,5
2910,5
2911,5
2912,5
2913,5
2914,5
2915,5
2916,5
2917,5
2918,5
2919,5
2920,5
2921,5
2922,5
2923,5
2924,5
2925,5
2926,5
2927,5
2928,5
2929,5
2930,5
2931,5
2932,5
2933,5
2934,5
2935,5
2936,5
2937,5
2938,5
2939,5
2940,5
2941,5
2942,5
2943,5
2944,5
2945,5
2946,5
2947,5
2948,5
2949,5
2950,5
2951,5
2952,5
2953,5
2954,5
2955,5
2956,5
2957,4
2958,4
2959,4
2960,4
2961,4
2962,4
2963,4
2964,4
2965,4
2966,4
2967,4
2968,4
2969,4
2970,4
2971,4
2972,5
2973,5
2974,5
2975,5
2976,5
2977,5
2978,5
2979,5
2980,5
2981,5
2982,5
2983,5
2984,5
2985,5
2986,5
2987,5
2988,5
2989,5
2990,5
2991,5
2992,5
2993,5
2994,5
2995,5
2996,5
2997,5
2998,5
